name: conway
channels:
  - conda-forge
  - defaults
dependencies:
  - _libavif_api=1.0.4=h57928b3_4
  - aom=3.9.1=he0c23c2_0
  - bzip2=1.0.8=hcfcfb64_5
  - ca-certificates=2024.6.2=h56e8100_0
  - cairo=1.18.0=h91e5215_2
  - dav1d=1.2.1=hcfcfb64_0
  - expat=2.6.2=h63175ca_0
  - font-ttf-dejavu-sans-mono=2.37=hab24e00_0
  - font-ttf-inconsolata=3.000=h77eed37_0
  - font-ttf-source-code-pro=2.038=h77eed37_0
  - font-ttf-ubuntu=0.83=h77eed37_2
  - fontconfig=2.14.2=hbde0cde_0
  - fonts-conda-ecosystem=1=0
  - fonts-conda-forge=1=0
  - freetype=2.12.1=hdaf720e_2
  - graphite2=1.3.13=h63175ca_1003
  - harfbuzz=8.5.0=h81778c3_0
  - icu=73.2=h63175ca_0
  - lerc=4.0.0=h63175ca_0
  - libavif16=1.0.4=hac688ae_4
  - libdeflate=1.20=hcfcfb64_0
  - libexpat=2.6.2=h63175ca_0
  - libffi=3.4.2=h8ffe710_5
  - libflac=1.4.3=h63175ca_0
  - libglib=2.80.2=h7025463_1
  - libiconv=1.17=hcfcfb64_2
  - libintl=0.22.5=h5728263_2
  - libjpeg-turbo=3.0.0=hcfcfb64_1
  - libmad=0.15.1b=hcfcfb64_1001
  - libogg=1.3.5=h2466b09_0
  - libpng=1.6.43=h19919ed_0
  - libsqlite=3.46.0=h2466b09_0
  - libtiff=4.6.0=hddb2be6_3
  - libvorbis=1.3.7=h0e60522_0
  - libwebp-base=1.4.0=hcfcfb64_0
  - libzlib=1.3.1=h2466b09_1
  - mpg123=1.32.6=h63175ca_0
  - openssl=3.3.1=h2466b09_1
  - pcre2=10.44=h3d7b363_0
  - pip=24.0=pyhd8ed1ab_0
  - pixman=0.43.4=h63175ca_0
  - portmidi=2.0.4=h63175ca_2
  - pygame=2.6.0=py310hea55160_0
  - python=3.10.14=h4de0772_0_cpython
  - python_abi=3.10=4_cp310
  - rav1e=0.6.6=h975169c_2
  - sdl2=2.30.2=h63175ca_0
  - sdl2_image=2.8.2=h5ca362a_1
  - sdl2_mixer=2.6.3=he8f0768_1
  - sdl2_ttf=2.22.0=hd5f56a6_1
  - setuptools=70.1.1=pyhd8ed1ab_0
  - svt-av1=2.1.0=he0c23c2_0
  - tk=8.6.13=h5226925_1
  - tzdata=2024a=h0c530f3_0
  - ucrt=10.0.22621.0=h57928b3_0
  - vc=14.3=h8a93ad2_20
  - vc14_runtime=14.40.33810=ha82c5b3_20
  - vs2015_runtime=14.40.33810=h3bf8584_20
  - wheel=0.43.0=pyhd8ed1ab_1
  - xz=5.2.6=h8d14728_0
  - zlib=1.3.1=h2466b09_1
  - zstd=1.5.6=h0ea2cb4_0
prefix: C:\Users\AHMED\miniconda3\envs\conway
